https://api.finance.naver.com/siseJson.naver?symbol=069500&requestType=1&startTime=20150101&endTime=20260929&timeframe=day
status=200 bytes=175316


 [['날짜', '시가', '고가', '저가', '종가', '거래량', '외국인소진율'],

	
	
		
["20150102", 19569, 19684, 19528, 19667, 4221683, 4.48316],
		
["20150105", 19625, 19673, 19431, 19626, 9253936, 4.24114],
		
["20150106", 19421, 19459, 19226, 19277, 16571012, 4.29467],
		
["20150107", 19277, 19349, 19236, 19321, 22387817, 4.25276],
		
["20150108", 19417, 19625, 19417, 19565, 15915921, 4.09313],
		
["20150109", 19763, 19853, 19705, 19784, 13513642, 4.17323],
		
["20150112", 19684, 19810, 19680, 19737, 11186777, 4.05617],
		
["20150113", 19700, 19826, 19647, 19823, 6064178, 3.69296],
		
["20150114", 19795, 19893, 19737, 19737, 6228186, 3.92905],
		
["20150115", 19710, 19826, 19673, 19795, 7105111, 4.24707],
		
["20150116", 19725, 19729, 19455, 19518, 12061100, 4.18062],
		
["20150119", 19639, 19788, 19605, 19722, 15999972, 4.12352],
		
["20150120", 19772, 19902, 19763, 19893, 13023996, 4.00145],
		
["20150121", 19858, 19938, 19810, 19938, 10357863, 4.00975],
		
["20150122", 20056, 20106, 19970, 19994, 11634439, 3.94351],
		
["20150123", 20272, 20275, 20064, 20110, 13463427, 3.94718],
		
["20150126", 20056, 20120, 19954, 20110, 10263749, 3.90096],
		
["20150127", 20203, 20261, 20155, 20250, 7794121, 3.79347],
		
["20150128", 20138, 20283, 20129, 20269, 10000866, 3.67083],
		
["20150129", 20187, 20265, 20073, 20174, 8477098, 3.68498],
		
["20150130", 20236, 20279, 20141, 20166, 10252434, 3.60929],
		
["20150202", 20060, 20198, 20050, 20115, 5278867, 3.56556],
		
["20150203", 20194, 20224, 20013, 20110, 3468186, 3.55966],
		
["20150204", 20236, 20324, 20203, 20250, 5256074, 3.53233],
		
["20150205", 20224, 20232, 20023, 20041, 8918864, 3.61843],
		
["20150206", 20064, 20080, 19989, 20073, 9111123, 3.6588],
		
["20150209", 20002, 20085, 19959, 20050, 5562651, 4.22823],
		
["20150210", 20041, 20138, 19942, 19954, 7574862, 4.88965],
		
["20150211", 19959, 20013, 19925, 19982, 6662278, 4.88556],
		
["20150212", 19998, 20002, 19799, 19921, 6031569, 4.84943],
		
["20150213", 19974, 20085, 19974, 20069, 5839296, 4.83586],
		
["20150216", 20069, 20124, 20060, 20094, 9962613, 4.84251],
		
["20150217", 20056, 20170, 20006, 20138, 5312088, 4.84467],
		
["20150223", 20232, 20319, 20178, 20194, 9024464, 4.84434],
		
["20150224", 20215, 20253, 20187, 20218, 6552135, 4.78192],
		
["20150225", 20279, 20327, 20265, 20287, 7821946, 4.70226],
		
["20150226", 20291, 20307, 20236, 20279, 13766036, 4.79693],
		
["20150227", 20245, 20279, 20162, 20215, 8800847, 4.91789],
		
["20150302", 20250, 20348, 20250, 20336, 8271519, 4.87121],
		
["20150303", 20391, 20446, 20374, 20415, 12475090, 5.05351],
		
["20150304", 20377, 20423, 20374, 20396, 9827682, 5.22751],
		
["20150305", 20396, 20450, 20351, 20423, 6681691, 5.39041],
		
["20150306", 20459, 20533, 20429, 20525, 8035130, 5.59298],
		
["20150309", 20479, 20481, 20298, 20315, 5960280, 5.59783],
		
["20150310", 20369, 20382, 20228, 20228, 6353488, 5.67591],
		
["20150311", 20099, 20269, 20073, 20240, 13248673, 5.80144],
		
["20150312", 20208, 20307, 20110, 20240, 8139653, 5.76121],
		
["20150313", 20275, 20324, 20240, 20283, 5013123, 6.08113],
		
["20150316", 20261, 20332, 20224, 20298, 5377741, 6.0612],
		
["20150317", 20382, 20772, 20374, 20759, 7652476, 6.04178],
		
["20150318", 20759, 20847, 20745, 20759, 13813064, 6.05311],
		
["20150319", 20918, 20923, 20785, 20818, 11411171, 6.06305],
		
["20150320", 20818, 20843, 20729, 20754, 8720402, 6.3147],
		
["20150323", 20834, 20899, 20745, 20763, 10838024, 6.21376],
		
["20150324", 20745, 20806, 20681, 20806, 4392944, 6.38123],
		
["20150325", 20806, 20878, 20707, 20806, 5727498, 6.51745],
		
["20150326", 20684, 20772, 20582, 20612, 9134204, 6.1906],
		
["20150327", 20598, 20642, 20537, 20566, 5773482, 6.19229],
		
["20150330", 20543, 20617, 20501, 20609, 4875881, 6.04254],
		
["20150331", 20720, 20733, 20578, 20617, 8163963, 6.02012],
		
["20150401", 20582, 20617, 20459, 20462, 4610591, 5.99894],
		
["20150402", 20492, 20571, 20462, 20481, 6407526, 6.13687],
		
["20150403", 20505, 20642, 20497, 20635, 4054137, 6.1462],
		
["20150406", 20622, 20729, 20593, 20627, 5964873, 6.14971],
		
["20150407", 20697, 20711, 20582, 20582, 4934021, 6.12079],
		
["20150408", 20589, 20767, 20586, 20733, 6168541, 6.16641],
		
["20150409", 20711, 20789, 20668, 20716, 7155095, 6.17087],
		
["20150410", 20754, 21040, 20733, 20951, 11060961, 6.17277],
		
["20150413", 21005, 21153, 20993, 21113, 14984114, 6.81079],
		
["20150414", 21120, 21279, 21117, 21213, 10215785, 6.60541],
		
["20150415", 21242, 21369, 21235, 21325, 10732393, 6.71184],
		
["20150416", 21408, 21507, 21392, 21480, 7739698, 6.77967],
		
["20150417", 21511, 21551, 21464, 21494, 10252681, 7.16622],
		
["20150420", 21387, 21524, 21383, 21483, 5852334, 7.51402],
		
["20150421", 21528, 21544, 21457, 21464, 8784395, 8.32781],
		
["20150422", 21472, 21744, 21472, 21564, 11085124, 9.50321],
		
["20150423", 21648, 21877, 21573, 21868, 11818540, 10.6713],
		
["20150424", 21898, 22066, 21729, 21734, 12279042, 10.3642],
		
["20150427", 21822, 21834, 21657, 21672, 4622799, 10.1219],
		
["20150428", 21716, 21752, 21555, 21596, 4540463, 10.2646],
		
["20150429", 21693, 21794, 21398, 21547, 10350735, 10.8648],
		
["20150430", 21478, 21506, 21374, 21450, 8860506, 11.2861],
		
["20150504", 21486, 21577, 21450, 21519, 3296770, 11.6743],
		
["20150506", 21438, 21438, 21152, 21170, 7267198, 11.8371],
		
["20150507", 21152, 21158, 20923, 21072, 10611781, 12.5156],
		
["20150508", 21080, 21090, 20987, 20987, 8758502, 12.5621],
		
["20150511", 21120, 21185, 21021, 21021, 5506935, 11.5699],
		
["20150512", 21006, 21051, 20939, 21009, 5019752, 10.6702],
		
["20150513", 21012, 21185, 21012, 21139, 4241024, 9.72297],
		
["20150514", 21106, 21185, 21063, 21166, 3891200, 9.21704],
		
["20150515", 21251, 21313, 20952, 20956, 9697399, 9.31887],
		
["20150518", 21002, 21009, 20890, 21006, 9627314, 9.63435],
		
["20150519", 21006, 21162, 20947, 21102, 6550696, 8.07621],
		
["20150520", 21152, 21309, 21111, 21296, 4026927, 8.32037],
		
["20150521", 21261, 21292, 21042, 21056, 10356120, 6.83865],
		
["20150522", 21122, 21350, 21106, 21330, 9402530, 7.06826],
		
["20150526", 21398, 21398, 21217, 21288, 6894420, 7.13116],
		
["20150527", 21178, 21185, 20817, 20862, 10158754, 7.25449],
		
["20150528", 20923, 20998, 20858, 20858, 15753600, 7.20636],
		
["20150529", 20804, 21046, 20775, 20964, 6500503, 6.87876],
		
["20150601", 20903, 20903, 20640, 20779, 5669151, 7.20919],
		
["20150602", 20757, 20833, 20522, 20578, 9641601, 7.18841],
		
["20150603", 20598, 20652, 20373, 20388, 8629255, 7.07019],
		
["20150604", 20448, 20606, 20379, 20469, 11435089, 7.17344],
		
["20150605", 20388, 20529, 20358, 20445, 4672956, 7.36819],
		
["20150608", 20421, 20440, 20311, 20402, 7639738, 7.55474],
		
["20150609", 20402, 20480, 20272, 20370, 4704624, 7.22421],
		
["20150610", 20428, 20477, 20215, 20250, 6596453, 7.35494],
		
["20150611", 20304, 20345, 20211, 20325, 12096996, 7.36246],
		
["20150612", 20362, 20452, 20108, 20154, 6525060, 7.37178],
		
["20150615", 20038, 20162, 19979, 20083, 9268628, 7.61409],
		
["20150616", 20066, 20108, 19758, 19916, 9441941, 7.67449],
		
["20150617", 19929, 19955, 19822, 19934, 12268735, 7.16259],
		
["20150618", 20020, 20131, 19925, 19995, 10906386, 6.96997],
		
["20150619", 20105, 20139, 20015, 20097, 5220373, 6.89721],
		
["20150622", 20162, 20253, 20093, 20165, 7024275, 4.06875],
		
["20150623", 20272, 20460, 20224, 20435, 6598464, 3.94423],
		
["20150624", 20464, 20484, 20393, 20428, 5791017, 3.80229],
		
["20150625", 20362, 20457, 20325, 20412, 5564551, 3.72032],
		
["20150626", 20340, 20473, 20265, 20426, 5588532, 3.79366],
		
["20150629", 20236, 20236, 20054, 20162, 8373723, 3.90099],
		
["20150630", 20105, 20245, 20088, 20245, 5475067, 3.88989],
		
["20150701", 20224, 20491, 20177, 20477, 5718155, 3.83484],
		
["20150702", 20496, 20558, 20477, 20500, 4273276, 3.34296],
		
["20150703", 20487, 20517, 20358, 20440, 4519263, 3.30388],
		
["20150706", 20189, 20316, 19916, 19929, 6223755, 3.19576],
		
["20150707", 20030, 20054, 19853, 19971, 11915426, 3.2044],
		
["20150708", 19966, 19995, 19697, 19697, 9388821, 3.45621],
		
["20150709", 19601, 19829, 19461, 19829, 14703043, 3.2436],
		
["20150710", 19891, 19908, 19761, 19846, 8035429, 3.59932],
		
["20150713", 19846, 20123, 19797, 20058, 4988566, 3.39586],
		
["20150714", 20097, 20097, 19905, 19963, 6501209, 3.37006],
		
["20150715", 20033, 20207, 19943, 20024, 6627175, 3.31766],
		
["20150716", 19990, 20173, 19990, 20173, 5649330, 3.37],
		
["20150717", 20261, 20288, 19999, 20051, 5504830, 3.47],
		
["20150720", 20047, 20144, 19960, 20020, 4554029, 3.47],
		
["20150721", 20024, 20173, 19955, 20058, 4638507, 3.94],
		
["20150722", 19951, 20003, 19817, 19886, 6872674, 3.63],
		
["20150723", 19912, 19929, 19789, 19878, 10662625, 3.75],
		
["20150724", 19777, 19797, 19617, 19653, 5823720, 3.34],
		
["20150727", 19565, 19731, 19536, 19689, 12689138, 4.77],
		
["20150728", 19632, 19754, 19553, 19727, 5625155, 5.7],
		
["20150729", 19797, 19834, 19727, 19804, 5298670, 5.33],
		
["20150730", 19812, 19846, 19625, 19625, 5821104, 4.86],
		
["20150731", 19627, 19663, 19469, 19565, 12094691, 3.95],
		
["20150803", 19596, 19596, 19411, 19461, 13099449, 3.15],
		
["20150804", 19454, 19553, 19449, 19544, 8256270, 4.63],
		
["20150805", 19532, 19625, 19483, 19558, 5675859, 4.37],
		
["20150806", 19591, 19606, 19339, 19339, 7054529, 3.97],
		
["20150807", 19272, 19335, 19215, 19306, 11615094, 3.29],
		
["20150810", 19257, 19286, 19175, 19253, 7997675, 2.95],
		
["20150811", 19359, 19478, 19167, 19167, 8515352, 4.93],
		
["20150812", 19112, 19215, 18923, 19049, 10762444, 4.34],
		
["20150813", 19024, 19159, 18984, 19132, 10600407, 4.79],
		
["20150817", 19186, 19186, 18965, 18980, 6542415, 4.1],
		
["20150818", 19020, 19067, 18938, 18946, 9343562, 3.55],
		
["20150819", 18923, 18970, 18742, 18805, 12097309, 3.66],
		
["20150820", 18779, 18801, 18612, 18612, 11558373, 3.25],
		
["20150821", 18235, 18384, 18190, 18319, 17539343, 1.49],
		
["20150824", 18141, 18228, 17478, 17893, 24865556, 2.27],
		
["20150825", 17917, 18132, 17566, 17955, 27900469, 2.96],
		
["20150826", 17854, 18333, 17762, 18290, 18170515, 3.22],
		
["20150827", 18405, 18508, 18307, 18402, 14074289, 2.94],
		
["20150828", 18558, 18668, 18537, 18668, 13268910, 2.68],
		
["20150831", 18598, 18649, 18503, 18644, 8242718, 2.79],
		
["20150901", 18612, 18676, 18448, 18457, 7589845, 2.99],
		
["20150902", 18263, 18595, 18260, 18500, 5005214, 3.02],
		
["20150903", 18578, 18633, 18492, 18532, 5914788, 2.68],
		
["20150904", 18550, 18586, 18319, 18377, 6864740, 2.74],
		
["20150907", 18336, 18473, 18275, 18333, 7099571, 2.55],
		
["20150908", 18377, 18405, 18260, 18369, 5663936, 2.02],
		
["20150909", 18553, 18918, 18545, 18918, 8312124, 2.15],
		
["20150910", 18801, 19008, 18746, 18885, 19088866, 1.46],
		
["20150911", 18885, 18997, 18815, 18839, 6757612, 2.12],
		
["20150914", 18898, 18907, 18641, 18737, 8581167, 1.58],
		
["20150915", 18742, 18832, 18714, 18779, 7440306, 1.85],
		
["20150916", 18902, 19319, 18902, 19191, 10811625, 2.98],
		
["20150917", 19388, 19402, 19257, 19272, 15577421, 3.75],
		
["20150918", 19226, 19465, 19058, 19411, 9225444, 4.11],
		
["20150921", 19186, 19241, 19004, 19069, 9119059, 4.13],
		
["20150922", 19129, 19220, 19054, 19175, 7395038, 4.09],
		
["20150923", 18962, 19108, 18885, 18918, 7259332, 4.14],
		
["20150924", 18980, 19008, 18860, 18923, 7738400, 3.94],
		
["20150925", 18889, 18965, 18768, 18894, 8367636, 3.78],
		
["20150930", 18619, 19058, 18598, 19029, 7170250, 4.11],
		
["20151001", 19016, 19347, 18965, 19241, 7762011, 4.07],
		
["20151002", 19220, 19261, 19093, 19112, 9009884, 3.98],
		
["20151005", 19191, 19380, 19105, 19132, 6613737, 3.9],
		
["20151006", 19351, 19411, 19291, 19319, 7142668, 3.76],
		
["20151007", 19359, 19617, 19359, 19611, 8639990, 4.04],
		
["20151008", 19689, 19761, 19606, 19750, 14295900, 4.71],
		
["20151012", 19817, 19966, 19774, 19867, 11225549, 5.35],
		
["20151013", 19848, 19925, 19758, 19817, 9377645, 5.06],
		
["20151014", 19786, 19797, 19636, 19747, 5870624, 4.95],
		
["20151015", 19743, 20051, 19731, 19966, 7170337, 4.74],
		
["20151016", 20011, 20020, 19891, 19929, 8280170, 4.65],
		
["20151019", 19982, 20011, 19848, 19938, 6315182, 4.77],
		
["20151020", 19921, 20024, 19891, 19982, 3993262, 4.82],
		
["20151021", 19975, 20211, 19975, 20062, 9919871, 5.42],
		
["20151022", 20007, 20066, 19912, 19955, 10525384, 4.92],
		
["20151023", 20159, 20261, 20074, 20108, 9333357, 4.92],
		
["20151026", 20211, 20211, 20118, 20159, 6372269, 4.98],
		
["20151027", 20127, 20177, 20038, 20149, 3778269, 5.17],
		
["20151028", 20154, 20154, 19990, 20136, 4298522, 5.04],
		
["20151029", 20154, 20370, 20030, 20093, 6905165, 5.17],
		
["20151030", 20033, 20202, 20024, 20186, 8262215, 5.1],
		
["20151102", 20118, 20182, 20054, 20136, 3918145, 4.96],
		
["20151103", 20269, 20388, 20257, 20325, 5346419, 4.72],
		
["20151104", 20388, 20426, 20245, 20320, 9211047, 3.59],
		
["20151105", 20272, 20308, 20177, 20292, 5610651, 3.1],
		
["20151106", 20257, 20308, 20112, 20162, 4403474, 3.2],
		
["20151109", 20105, 20144, 20003, 20083, 6300049, 3.17],
		
["20151110", 19975, 19975, 19777, 19789, 5147596, 3.16],
		
["20151111", 19750, 19829, 19658, 19761, 7287325, 3.17],
		
["20151112", 19754, 19801, 19716, 19793, 4358238, 2.88],
		
["20151113", 19580, 19644, 19518, 19518, 4522863, 2.95],
		
["20151116", 19306, 19429, 19291, 19306, 7498212, 2.86],
		
["20151117", 19477, 19527, 19402, 19469, 7638191, 2.85],
		
["20151118", 19424, 19508, 19402, 19415, 3674752, 2.96],
		
["20151119", 19591, 19689, 19511, 19678, 3936946, 2.95],
		
["20151120", 19712, 19750, 19678, 19712, 3258004, 2.91],
		
["20151123", 19750, 19874, 19743, 19838, 3375110, 2.94],
		
["20151124", 19838, 19934, 19829, 19925, 4115643, 2.83],
		
["20151125", 19912, 19925, 19834, 19908, 4909100, 2.89],
		
["20151126", 19925, 20154, 19921, 20144, 5764536, 2.8],
		
["20151127", 20162, 20186, 20083, 20097, 8550460, 2.8],
		
["20151130", 20007, 20011, 19625, 19716, 6441270, 2.86],
		
["20151201", 19770, 20033, 19770, 20003, 7959759, 2.7],
		
["20151202", 20003, 20015, 19874, 19874, 5206643, 2.84],
		
["20151203", 19754, 19754, 19569, 19697, 7468248, 3.0],
		
["20151204", 19477, 19591, 19465, 19487, 11877170, 2.95],
		
["20151207", 19622, 19636, 19420, 19420, 6750523, 2.7],
		
["20151208", 19399, 19508, 19291, 19328, 7867344, 2.63],
		
["20151209", 19342, 19391, 19291, 19324, 4329204, 2.54],
		
["20151210", 19321, 19487, 19257, 19442, 10623826, 2.39],
		
["20151211", 19402, 19527, 19347, 19399, 6579860, 2.27],
		
["20151214", 19236, 19253, 19108, 19236, 8657625, 2.32],
		
["20151215", 19310, 19342, 19220, 19272, 6277157, 2.14],
		
["20151216", 19433, 19723, 19407, 19658, 10145437, 2.08],
		
["20151217", 19747, 19804, 19580, 19632, 9844777, 2.08],
		
["20151218", 19469, 19697, 19457, 19596, 4853989, 2.05],
		
["20151221", 19617, 19750, 19490, 19685, 5627731, 2.14],
		
["20151222", 19653, 19747, 19553, 19716, 6195543, 2.77],
		
["20151223", 19770, 19966, 19747, 19912, 10648090, 2.35],
		
["20151224", 20007, 20026, 19786, 19786, 13529105, 2.88],
		
["20151228", 19801, 19829, 19518, 19518, 7457569, 2.25],
		
["20151229", 19569, 19697, 19499, 19697, 5858111, 2.31],
		
["20151230", 19747, 19793, 19588, 19596, 9023832, 2.36],
		
["20160104", 19532, 19539, 19198, 19198, 8204936, 2.08],
		
["20160105", 19163, 19388, 19163, 19321, 14708239, 2.1],
		
["20160106", 19321, 19339, 19080, 19180, 12878607, 1.82],
		
["20160107", 19136, 19211, 18946, 18997, 13278540, 1.82],
		
["20160108", 18882, 19150, 18843, 19129, 14514489, 1.92],
		
["20160111", 18885, 18984, 18839, 18914, 12977409, 1.95],
		
["20160112", 19004, 19054, 18823, 18860, 13598783, 1.95],
		
["20160113", 18946, 19167, 18942, 19124, 7421463, 2.1],
		
["20160114", 18907, 18942, 18768, 18942, 13906251, 1.85],
		
["20160115", 19100, 19141, 18660, 18751, 17419069, 1.89],
		
["20160118", 18553, 18766, 18488, 18733, 15800171, 1.91],
		
["20160119", 18733, 18832, 18566, 18832, 8871037, 2.0],
		
["20160120", 18746, 18766, 18275, 18402, 22093484, 0.78],
		
["20160121", 18409, 18545, 18346, 18356, 25652795, 2.54],
		
["20160122", 18537, 18757, 18524, 18757, 12655583, 2.63],
		
["20160125", 18823, 18958, 18751, 18856, 8352111, 2.74],
		
["20160126", 18751, 18768, 18514, 18619, 8425321, 2.65],
		
["20160127", 18768, 18914, 18753, 18878, 11653446, 3.06],
		
["20160128", 18742, 18926, 18664, 18907, 10418534, 3.0],
		
["20160129", 18846, 18938, 18733, 18933, 7146289, 2.92],
		
["20160201", 19034, 19163, 18992, 19072, 7755952, 2.82],
		
["20160202", 19000, 19072, 18923, 18938, 5780255, 2.86],
		
["20160203", 18746, 18761, 18637, 18725, 4595662, 2.79],
		
["20160204", 18856, 19084, 18832, 19069, 10341713, 2.77],
		
["20160205", 19041, 19171, 19024, 19117, 8070685, 2.75],
		
["20160211", 18709, 18733, 18558, 18603, 10663324, 2.84],
		
["20160212", 18503, 18582, 18333, 18464, 24991219, 2.76],
		
["20160215", 18660, 18761, 18619, 18709, 13952395, 2.62],
		
["20160216", 18725, 19020, 18725, 18980, 7122960, 2.69],
		
["20160217", 18933, 19095, 18910, 19004, 7731050, 2.66],
		
["20160218", 19261, 19261, 19150, 19167, 8920888, 2.63],
		
["20160219", 19132, 19226, 19132, 19206, 10046911, 2.86],
		
["20160222", 19159, 19306, 19119, 19241, 8447010, 3.11],
		
["20160223", 19339, 19347, 19198, 19245, 6656843, 3.32],
		
["20160224", 19220, 19296, 19141, 19226, 6227462, 3.53],
		
["20160225", 19269, 19399, 19180, 19249, 6901742, 3.7],
		
["20160226", 19331, 19375, 19249, 19286, 7232984, 3.86],
		
["20160229", 19236, 19355, 19206, 19264, 7235352, 4.01],
		
["20160302", 19487, 19573, 19473, 19558, 10873770, 4.46],
		
["20160303", 19601, 19622, 19565, 19617, 12993832, 4.89],
		
["20160304", 19617, 19671, 19580, 19622, 7904534, 5.12],
		
["20160307", 19663, 19707, 19648, 19663, 7163045, 5.36],
		
["20160308", 19689, 19697, 19465, 19522, 7148859, 5.72],
		
["20160309", 19487, 19611, 19457, 19611, 6248054, 5.84],
		
["20160310", 19648, 19886, 19632, 19789, 9537022, 5.8],
		
["20160311", 19797, 19874, 19774, 19834, 7583186, 5.98],
		
["20160314", 19947, 19947, 19801, 19817, 9680381, 4.96],
		
["20160315", 19817, 19878, 19738, 19801, 6234836, 4.95],
		
["20160316", 19848, 19943, 19804, 19853, 6050340, 5.14],
		
["20160317", 19938, 20131, 19925, 19963, 16208398, 5.7],
		
["20160318", 20051, 20054, 19934, 19975, 6557021, 5.81],
		
["20160321", 20047, 20097, 19891, 19951, 4371471, 5.95],
		
["20160322", 19999, 20051, 19960, 20051, 4016464, 5.69],
		
["20160323", 20058, 20123, 20007, 20033, 5942496, 5.65],
		
["20160324", 19975, 20043, 19902, 19982, 5294625, 5.71],
		
["20160325", 20020, 20026, 19938, 19947, 4428310, 5.69],
		
["20160328", 19947, 20038, 19938, 19979, 3679269, 5.72],
		
["20160329", 19979, 20108, 19979, 20083, 8813019, 5.77],
		
["20160330", 20173, 20224, 20154, 20173, 10239102, 6.9],
		
["20160331", 20211, 20215, 20030, 20088, 7305938, 6.99],
		
["20160401", 20062, 20079, 19801, 19801, 6954695, 6.92],
		
["20160404", 19817, 19862, 19774, 19838, 5369945, 7.01],
		
["20160405", 19786, 19793, 19653, 19674, 3830971, 6.93],
		
["20160406", 19674, 19809, 19668, 19774, 6827657, 6.73],
		
["20160407", 19848, 19886, 19707, 19786, 3863271, 6.68],
		
["20160408", 19671, 19765, 19576, 19747, 4944838, 6.77],
		
["20160411", 19743, 19793, 19663, 19761, 5316347, 6.54],
		
["20160412", 19765, 19929, 19750, 19916, 4484008, 6.54],
		
["20160414", 20218, 20333, 20165, 20325, 8052630, 6.85],
		
["20160415", 20311, 20373, 20288, 20308, 9981845, 6.87],
		
["20160418", 20162, 20257, 20123, 20240, 4219712, 6.96],
		
["20160419", 20299, 20367, 20257, 20269, 4095447, 6.95],
		
["20160420", 20299, 20398, 20202, 20202, 4032785, 6.98],
		
["20160421", 20292, 20402, 20275, 20358, 3788351, 6.98],
		
["20160422", 20288, 20340, 20253, 20280, 4744387, 7.05],
		
["20160425", 20284, 20292, 20193, 20257, 4917933, 7.05],
		
["20160426", 20253, 20388, 20236, 20316

...[중략]...

09120, 105850, 107710, 20485425, 21.82],
		
["20260827", 110900, 110910, 108195, 109135, 18603034, 21.78],
		
["20260828", 108045, 109270, 107050, 107180, 21388836, 21.88],
		
["20260831", 104455, 107615, 103015, 107615, 20845744, 22.02],
		
["20260901", 106630, 108415, 106090, 107885, 21997851, 21.96],
		
["20260902", 104525, 105675, 103485, 103500, 21280421, 22.11],
		
["20260903", 104920, 105550, 100000, 103610, 26133074, 22.11],
		
["20260904", 105005, 106785, 104705, 105720, 20998563, 22.02],
		
["20260907", 109500, 110875, 108825, 110820, 18578602, 22.01],
		
["20260908", 111860, 114260, 110320, 110335, 28659671, 21.99],
		
["20260909", 110640, 113260, 110550, 112100, 24388329, 22.04],
		
["20260910", 111815, 112405, 109350, 111865, 24523748, 22.14],
		
["20260911", 107720, 110210, 107565, 109500, 26031068, 22.41],
		
["20260914", 105745, 107135, 104950, 105410, 25008928, 22.37],
		
["20260915", 104770, 106165, 103800, 104275, 28181360, 22.33],
		
["20260916", 104345, 106390, 104025, 106365, 22839754, 22.23],
		
["20260917", 107430, 107915, 105980, 106280, 25623002, 22.12],
		
["20260918", 109150, 109895, 108285, 109285, 20895190, 22.11],
		
["20260921", 110185, 112135, 110095, 111700, 20877625, 21.98],
		
["20260922", 114345, 114635, 111400, 111880, 25168267, 22.03],
		
["20260923", 114290, 114305, 111945, 113145, 21157647, 22.19],
		
["20260928", 112740, 112870, 109500, 109500, 23611461, 22.56],
		
["20260929", 109285, 110470, 108445, 108490, 16565922, 22.56]
		
	

]
